# id     =  0: int 0 568629;
V1     =  1: dj 3 -3.5 2.23;
V2     =  2: dj 3 -50 4.37;
V3     =  3: dj 3 -3.19 14.126;
V4     =  4: dj 3 -5 3.2016;
V5     =  5: dj 3 -10 42.717;
V6     =  6: dj 3 -21.111109 26.2;
V7     =  7: dj 3 -4.3519 218;
V8     =  8: dj 3 -10.76 6;
V9     =  9: dj 3 -3.752 20.28;
V10    = 10: dj 3 -3.163276 31.72271;
V11    = 11: dj 3 -6 2.513573;
V12    = 12: dj 3 -2.0204 18;
V13    = 13: dj 3 -6 7.19;
V14    = 14: dj 3 -2.11 20;
V15    = 15: dj 3 -4 14.532203;
V16    = 16: dj 3 -2.215 46.653;
V17    = 17: dj 3 -2.49 7;
V18    = 18: dj 3 -2.422 6.79;
V19    = 19: dj 3 -7.805 3.831672;
V20    = 20: dj 3 -78.1479 30;
V21    = 21: dj 3 -20 8.0871;
V22    = 22: dj 3 -7.7348 12.633;
V23    = 23: dj 3 -30.3 32;
V24    = 24: dj 3 -4.068 13;
V25    = 25: dj 3 -13.7 14.62151;
V26    = 26: dj 3 -8.227 5.624;
V27    = 27: dj 3 -10.5 113.2311;
V28    = 28: dj 3 -39.035244 77.256;
Amount = 29: dj 3 50.0 24040;
# Class  = 30: bool [FRAUDULENT NOT_fraudulent];
Class  = 30: concept;
